21 people — 190 sittings — independently verified
Generated by the PureBasic feasibility probe. Each row wraps around.
10 groups of 19, expanded from the attributed 1980 starting rows.

 1 20  3 18  5 16  4 17  6 15  8 13 10 11 12  9 21  7 14 19  2
 1  2  4 19  6 17  5 18  7 16  9 14 11 12 13 10 21  8 15 20  3
 1  3  5 20  7 18  6 19  8 17 10 15 12 13 14 11 21  9 16  2  4
 1  4  6  2  8 19  7 20  9 18 11 16 13 14 15 12 21 10 17  3  5
 1  5  7  3  9 20  8  2 10 19 12 17 14 15 16 13 21 11 18  4  6
 1  6  8  4 10  2  9  3 11 20 13 18 15 16 17 14 21 12 19  5  7
 1  7  9  5 11  3 10  4 12  2 14 19 16 17 18 15 21 13 20  6  8
 1  8 10  6 12  4 11  5 13  3 15 20 17 18 19 16 21 14  2  7  9
 1  9 11  7 13  5 12  6 14  4 16  2 18 19 20 17 21 15  3  8 10
 1 10 12  8 14  6 13  7 15  5 17  3 19 20  2 18 21 16  4  9 11
 1 11 13  9 15  7 14  8 16  6 18  4 20  2  3 19 21 17  5 10 12
 1 12 14 10 16  8 15  9 17  7 19  5  2  3  4 20 21 18  6 11 13
 1 13 15 11 17  9 16 10 18  8 20  6  3  4  5  2 21 19  7 12 14
 1 14 16 12 18 10 17 11 19  9  2  7  4  5  6  3 21 20  8 13 15
 1 15 17 13 19 11 18 12 20 10  3  8  5  6  7  4 21  2  9 14 16
 1 16 18 14 20 12 19 13  2 11  4  9  6  7  8  5 21  3 10 15 17
 1 17 19 15  2 13 20 14  3 12  5 10  7  8  9  6 21  4 11 16 18
 1 18 20 16  3 14  2 15  4 13  6 11  8  9 10  7 21  5 12 17 19
 1 19  2 17  4 15  3 16  5 14  7 12  9 10 11  8 21  6 13 18 20
--------------------------------------------------------------
 1 20 11 10 21  6 15 12  9 14  7 16  5 13  8  2 19  4 17 18  3
 1  2 12 11 21  7 16 13 10 15  8 17  6 14  9  3 20  5 18 19  4
 1  3 13 12 21  8 17 14 11 16  9 18  7 15 10  4  2  6 19 20  5
 1  4 14 13 21  9 18 15 12 17 10 19  8 16 11  5  3  7 20  2  6
 1  5 15 14 21 10 19 16 13 18 11 20  9 17 12  6  4  8  2  3  7
 1  6 16 15 21 11 20 17 14 19 12  2 10 18 13  7  5  9  3  4  8
 1  7 17 16 21 12  2 18 15 20 13  3 11 19 14  8  6 10  4  5  9
 1  8 18 17 21 13  3 19 16  2 14  4 12 20 15  9  7 11  5  6 10
 1  9 19 18 21 14  4 20 17  3 15  5 13  2 16 10  8 12  6  7 11
 1 10 20 19 21 15  5  2 18  4 16  6 14  3 17 11  9 13  7  8 12
 1 11  2 20 21 16  6  3 19  5 17  7 15  4 18 12 10 14  8  9 13
 1 12  3  2 21 17  7  4 20  6 18  8 16  5 19 13 11 15  9 10 14
 1 13  4  3 21 18  8  5  2  7 19  9 17  6 20 14 12 16 10 11 15
 1 14  5  4 21 19  9  6  3  8 20 10 18  7  2 15 13 17 11 12 16
 1 15  6  5 21 20 10  7  4  9  2 11 19  8  3 16 14 18 12 13 17
 1 16  7  6 21  2 11  8  5 10  3 12 20  9  4 17 15 19 13 14 18
 1 17  8  7 21  3 12  9  6 11  4 13  2 10  5 18 16 20 14 15 19
 1 18  9  8 21  4 13 10  7 12  5 14  3 11  6 19 17  2 15 16 20
 1 19 10  9 21  5 14 11  8 13  6 15  4 12  7 20 18  3 16 17  2
--------------------------------------------------------------
 1 20  5 16  9 12 13  8 17  4  2 19  6 15 10 11 14  7 18  3 21
 1  2  6 17 10 13 14  9 18  5  3 20  7 16 11 12 15  8 19  4 21
 1  3  7 18 11 14 15 10 19  6  4  2  8 17 12 13 16  9 20  5 21
 1  4  8 19 12 15 16 11 20  7  5  3  9 18 13 14 17 10  2  6 21
 1  5  9 20 13 16 17 12  2  8  6  4 10 19 14 15 18 11  3  7 21
 1  6 10  2 14 17 18 13  3  9  7  5 11 20 15 16 19 12  4  8 21
 1  7 11  3 15 18 19 14  4 10  8  6 12  2 16 17 20 13  5  9 21
 1  8 12  4 16 19 20 15  5 11  9  7 13  3 17 18  2 14  6 10 21
 1  9 13  5 17 20  2 16  6 12 10  8 14  4 18 19  3 15  7 11 21
 1 10 14  6 18  2  3 17  7 13 11  9 15  5 19 20  4 16  8 12 21
 1 11 15  7 19  3  4 18  8 14 12 10 16  6 20  2  5 17  9 13 21
 1 12 16  8 20  4  5 19  9 15 13 11 17  7  2  3  6 18 10 14 21
 1 13 17  9  2  5  6 20 10 16 14 12 18  8  3  4  7 19 11 15 21
 1 14 18 10  3  6  7  2 11 17 15 13 19  9  4  5  8 20 12 16 21
 1 15 19 11  4  7  8  3 12 18 16 14 20 10  5  6  9  2 13 17 21
 1 16 20 12  5  8  9  4 13 19 17 15  2 11  6  7 10  3 14 18 21
 1 17  2 13  6  9 10  5 14 20 18 16  3 12  7  8 11  4 15 19 21
 1 18  3 14  7 10 11  6 15  2 19 17  4 13  8  9 12  5 16 20 21
 1 19  4 15  8 11 12  7 16  3 20 18  5 14  9 10 13  6 17  2 21
--------------------------------------------------------------
 1 20  7 14 13  8 19  2  6 15 21 12  9 18  3  5 16 11 10 17  4
 1  2  8 15 14  9 20  3  7 16 21 13 10 19  4  6 17 12 11 18  5
 1  3  9 16 15 10  2  4  8 17 21 14 11 20  5  7 18 13 12 19  6
 1  4 10 17 16 11  3  5  9 18 21 15 12  2  6  8 19 14 13 20  7
 1  5 11 18 17 12  4  6 10 19 21 16 13  3  7  9 20 15 14  2  8
 1  6 12 19 18 13  5  7 11 20 21 17 14  4  8 10  2 16 15  3  9
 1  7 13 20 19 14  6  8 12  2 21 18 15  5  9 11  3 17 16  4 10
 1  8 14  2 20 15  7  9 13  3 21 19 16  6 10 12  4 18 17  5 11
 1  9 15  3  2 16  8 10 14  4 21 20 17  7 11 13  5 19 18  6 12
 1 10 16  4  3 17  9 11 15  5 21  2 18  8 12 14  6 20 19  7 13
 1 11 17  5  4 18 10 12 16  6 21  3 19  9 13 15  7  2 20  8 14
 1 12 18  6  5 19 11 13 17  7 21  4 20 10 14 16  8  3  2  9 15
 1 13 19  7  6 20 12 14 18  8 21  5  2 11 15 17  9  4  3 10 16
 1 14 20  8  7  2 13 15 19  9 21  6  3 12 16 18 10  5  4 11 17
 1 15  2  9  8  3 14 16 20 10 21  7  4 13 17 19 11  6  5 12 18
 1 16  3 10  9  4 15 17  2 11 21  8  5 14 18 20 12  7  6 13 19
 1 17  4 11 10  5 16 18  3 12 21  9  6 15 19  2 13  8  7 14 20
 1 18  5 12 11  6 17 19  4 13 21 10  7 16 20  3 14  9  8 15  2
 1 19  6 13 12  7 18 20  5 14 21 11  8 17  2  4 15 10  9 16  3
--------------------------------------------------------------
 1 20  9 12 17  4  6 15 14  7  3 18 11 10 19  2 21  8 13 16  5
 1  2 10 13 18  5  7 16 15  8  4 19 12 11 20  3 21  9 14 17  6
 1  3 11 14 19  6  8 17 16  9  5 20 13 12  2  4 21 10 15 18  7
 1  4 12 15 20  7  9 18 17 10  6  2 14 13  3  5 21 11 16 19  8
 1  5 13 16  2  8 10 19 18 11  7  3 15 14  4  6 21 12 17 20  9
 1  6 14 17  3  9 11 20 19 12  8  4 16 15  5  7 21 13 18  2 10
 1  7 15 18  4 10 12  2 20 13  9  5 17 16  6  8 21 14 19  3 11
 1  8 16 19  5 11 13  3  2 14 10  6 18 17  7  9 21 15 20  4 12
 1  9 17 20  6 12 14  4  3 15 11  7 19 18  8 10 21 16  2  5 13
 1 10 18  2  7 13 15  5  4 16 12  8 20 19  9 11 21 17  3  6 14
 1 11 19  3  8 14 16  6  5 17 13  9  2 20 10 12 21 18  4  7 15
 1 12 20  4  9 15 17  7  6 18 14 10  3  2 11 13 21 19  5  8 16
 1 13  2  5 10 16 18  8  7 19 15 11  4  3 12 14 21 20  6  9 17
 1 14  3  6 11 17 19  9  8 20 16 12  5  4 13 15 21  2  7 10 18
 1 15  4  7 12 18 20 10  9  2 17 13  6  5 14 16 21  3  8 11 19
 1 16  5  8 13 19  2 11 10  3 18 14  7  6 15 17 21  4  9 12 20
 1 17  6  9 14 20  3 12 11  4 19 15  8  7 16 18 21  5 10 13  2
 1 18  7 10 15  2  4 13 12  5 20 16  9  8 17 19 21  6 11 14  3
 1 19  8 11 16  3  5 14 13  6  2 17 10  9 18 20 21  7 12 15  4
--------------------------------------------------------------
 1 20 21 11 10  2 19 12  9  3 18 13  8  4 17 14  7  5 16 15  6
 1  2 21 12 11  3 20 13 10  4 19 14  9  5 18 15  8  6 17 16  7
 1  3 21 13 12  4  2 14 11  5 20 15 10  6 19 16  9  7 18 17  8
 1  4 21 14 13  5  3 15 12  6  2 16 11  7 20 17 10  8 19 18  9
 1  5 21 15 14  6  4 16 13  7  3 17 12  8  2 18 11  9 20 19 10
 1  6 21 16 15  7  5 17 14  8  4 18 13  9  3 19 12 10  2 20 11
 1  7 21 17 16  8  6 18 15  9  5 19 14 10  4 20 13 11  3  2 12
 1  8 21 18 17  9  7 19 16 10  6 20 15 11  5  2 14 12  4  3 13
 1  9 21 19 18 10  8 20 17 11  7  2 16 12  6  3 15 13  5  4 14
 1 10 21 20 19 11  9  2 18 12  8  3 17 13  7  4 16 14  6  5 15
 1 11 21  2 20 12 10  3 19 13  9  4 18 14  8  5 17 15  7  6 16
 1 12 21  3  2 13 11  4 20 14 10  5 19 15  9  6 18 16  8  7 17
 1 13 21  4  3 14 12  5  2 15 11  6 20 16 10  7 19 17  9  8 18
 1 14 21  5  4 15 13  6  3 16 12  7  2 17 11  8 20 18 10  9 19
 1 15 21  6  5 16 14  7  4 17 13  8  3 18 12  9  2 19 11 10 20
 1 16 21  7  6 17 15  8  5 18 14  9  4 19 13 10  3 20 12 11  2
 1 17 21  8  7 18 16  9  6 19 15 10  5 20 14 11  4  2 13 12  3
 1 18 21  9  8 19 17 10  7 20 16 11  6  2 15 12  5  3 14 13  4
 1 19 21 10  9 20 18 11  8  2 17 12  7  3 16 13  6  4 15 14  5
--------------------------------------------------------------
 1 20 13  8  6 15 18  3 11 10  4 17 16  5  9 12  2 19 21 14  7
 1  2 14  9  7 16 19  4 12 11  5 18 17  6 10 13  3 20 21 15  8
 1  3 15 10  8 17 20  5 13 12  6 19 18  7 11 14  4  2 21 16  9
 1  4 16 11  9 18  2  6 14 13  7 20 19  8 12 15  5  3 21 17 10
 1  5 17 12 10 19  3  7 15 14  8  2 20  9 13 16  6  4 21 18 11
 1  6 18 13 11 20  4  8 16 15  9  3  2 10 14 17  7  5 21 19 12
 1  7 19 14 12  2  5  9 17 16 10  4  3 11 15 18  8  6 21 20 13
 1  8 20 15 13  3  6 10 18 17 11  5  4 12 16 19  9  7 21  2 14
 1  9  2 16 14  4  7 11 19 18 12  6  5 13 17 20 10  8 21  3 15
 1 10  3 17 15  5  8 12 20 19 13  7  6 14 18  2 11  9 21  4 16
 1 11  4 18 16  6  9 13  2 20 14  8  7 15 19  3 12 10 21  5 17
 1 12  5 19 17  7 10 14  3  2 15  9  8 16 20  4 13 11 21  6 18
 1 13  6 20 18  8 11 15  4  3 16 10  9 17  2  5 14 12 21  7 19
 1 14  7  2 19  9 12 16  5  4 17 11 10 18  3  6 15 13 21  8 20
 1 15  8  3 20 10 13 17  6  5 18 12 11 19  4  7 16 14 21  9  2
 1 16  9  4  2 11 14 18  7  6 19 13 12 20  5  8 17 15 21 10  3
 1 17 10  5  3 12 15 19  8  7 20 14 13  2  6  9 18 16 21 11  4
 1 18 11  6  4 13 16 20  9  8  2 15 14  3  7 10 19 17 21 12  5
 1 19 12  7  5 14 17  2 10  9  3 16 15  4  8 11 20 18 21 13  6
--------------------------------------------------------------
 1 20 15  6 10 11  5 16 19  2 14  7  9 12  4 17 21 18  3 13  8
 1  2 16  7 11 12  6 17 20  3 15  8 10 13  5 18 21 19  4 14  9
 1  3 17  8 12 13  7 18  2  4 16  9 11 14  6 19 21 20  5 15 10
 1  4 18  9 13 14  8 19  3  5 17 10 12 15  7 20 21  2  6 16 11
 1  5 19 10 14 15  9 20  4  6 18 11 13 16  8  2 21  3  7 17 12
 1  6 20 11 15 16 10  2  5  7 19 12 14 17  9  3 21  4  8 18 13
 1  7  2 12 16 17 11  3  6  8 20 13 15 18 10  4 21  5  9 19 14
 1  8  3 13 17 18 12  4  7  9  2 14 16 19 11  5 21  6 10 20 15
 1  9  4 14 18 19 13  5  8 10  3 15 17 20 12  6 21  7 11  2 16
 1 10  5 15 19 20 14  6  9 11  4 16 18  2 13  7 21  8 12  3 17
 1 11  6 16 20  2 15  7 10 12  5 17 19  3 14  8 21  9 13  4 18
 1 12  7 17  2  3 16  8 11 13  6 18 20  4 15  9 21 10 14  5 19
 1 13  8 18  3  4 17  9 12 14  7 19  2  5 16 10 21 11 15  6 20
 1 14  9 19  4  5 18 10 13 15  8 20  3  6 17 11 21 12 16  7  2
 1 15 10 20  5  6 19 11 14 16  9  2  4  7 18 12 21 13 17  8  3
 1 16 11  2  6  7 20 12 15 17 10  3  5  8 19 13 21 14 18  9  4
 1 17 12  3  7  8  2 13 16 18 11  4  6  9 20 14 21 15 19 10  5
 1 18 13  4  8  9  3 14 17 19 12  5  7 10  2 15 21 16 20 11  6
 1 19 14  5  9 10  4 15 18 20 13  6  8 11  3 16 21 17  2 12  7
--------------------------------------------------------------
 1 20 17  4 14  7 11 10  8 13 21  5 16  2 19 18  3 15  6 12  9
 1  2 18  5 15  8 12 11  9 14 21  6 17  3 20 19  4 16  7 13 10
 1  3 19  6 16  9 13 12 10 15 21  7 18  4  2 20  5 17  8 14 11
 1  4 20  7 17 10 14 13 11 16 21  8 19  5  3  2  6 18  9 15 12
 1  5  2  8 18 11 15 14 12 17 21  9 20  6  4  3  7 19 10 16 13
 1  6  3  9 19 12 16 15 13 18 21 10  2  7  5  4  8 20 11 17 14
 1  7  4 10 20 13 17 16 14 19 21 11  3  8  6  5  9  2 12 18 15
 1  8  5 11  2 14 18 17 15 20 21 12  4  9  7  6 10  3 13 19 16
 1  9  6 12  3 15 19 18 16  2 21 13  5 10  8  7 11  4 14 20 17
 1 10  7 13  4 16 20 19 17  3 21 14  6 11  9  8 12  5 15  2 18
 1 11  8 14  5 17  2 20 18  4 21 15  7 12 10  9 13  6 16  3 19
 1 12  9 15  6 18  3  2 19  5 21 16  8 13 11 10 14  7 17  4 20
 1 13 10 16  7 19  4  3 20  6 21 17  9 14 12 11 15  8 18  5  2
 1 14 11 17  8 20  5  4  2  7 21 18 10 15 13 12 16  9 19  6  3
 1 15 12 18  9  2  6  5  3  8 21 19 11 16 14 13 17 10 20  7  4
 1 16 13 19 10  3  7  6  4  9 21 20 12 17 15 14 18 11  2  8  5
 1 17 14 20 11  4  8  7  5 10 21  2 13 18 16 15 19 12  3  9  6
 1 18 15  2 12  5  9  8  6 11 21  3 14 19 17 16 20 13  4 10  7
 1 19 16  3 13  6 10  9  7 12 21  4 15 20 18 17  2 14  5 11  8
--------------------------------------------------------------
 1 20 19  2 18  3 17  4 21 16  5 15  6 14  7 13  8 12  9 11 10
 1  2 20  3 19  4 18  5 21 17  6 16  7 15  8 14  9 13 10 12 11
 1  3  2  4 20  5 19  6 21 18  7 17  8 16  9 15 10 14 11 13 12
 1  4  3  5  2  6 20  7 21 19  8 18  9 17 10 16 11 15 12 14 13
 1  5  4  6  3  7  2  8 21 20  9 19 10 18 11 17 12 16 13 15 14
 1  6  5  7  4  8  3  9 21  2 10 20 11 19 12 18 13 17 14 16 15
 1  7  6  8  5  9  4 10 21  3 11  2 12 20 13 19 14 18 15 17 16
 1  8  7  9  6 10  5 11 21  4 12  3 13  2 14 20 15 19 16 18 17
 1  9  8 10  7 11  6 12 21  5 13  4 14  3 15  2 16 20 17 19 18
 1 10  9 11  8 12  7 13 21  6 14  5 15  4 16  3 17  2 18 20 19
 1 11 10 12  9 13  8 14 21  7 15  6 16  5 17  4 18  3 19  2 20
 1 12 11 13 10 14  9 15 21  8 16  7 17  6 18  5 19  4 20  3  2
 1 13 12 14 11 15 10 16 21  9 17  8 18  7 19  6 20  5  2  4  3
 1 14 13 15 12 16 11 17 21 10 18  9 19  8 20  7  2  6  3  5  4
 1 15 14 16 13 17 12 18 21 11 19 10 20  9  2  8  3  7  4  6  5
 1 16 15 17 14 18 13 19 21 12 20 11  2 10  3  9  4  8  5  7  6
 1 17 16 18 15 19 14 20 21 13  2 12  3 11  4 10  5  9  6  8  7
 1 18 17 19 16 20 15  2 21 14  3 13  4 12  5 11  6 10  7  9  8
 1 19 18 20 17  2 16  3 21 15  4 14  5 13  6 12  7 11  8 10  9
